              precision    recall  f1-score   support

        Book     0.9161    0.9467    0.9311       150
      Bottle     0.9800    0.9800    0.9800       150
       Chair     0.9858    0.9267    0.9553       150
        Desk     0.9245    0.9800    0.9515       150
    Keyboard     0.9930    0.9400    0.9658       150
      Laptop     0.9608    0.9800    0.9703       150
       Mouse     1.0000    0.9733    0.9865       150
       Phone     0.9865    0.9733    0.9799       150
     Stapler     0.9673    0.9867    0.9769       150
   Trash_Can     0.9673    0.9867    0.9769       150

    accuracy                         0.9673      1500
   macro avg     0.9681    0.9673    0.9674      1500
weighted avg     0.9681    0.9673    0.9674      1500
